Monte Carlo Efficiency Bounds Results
=====================================
Sample Size: 3
	mean: 3.183076376297035e-05
	var: 4.27307669043463e-13
	CI_low: 3.050820549147497e-05
	CI_high: 3.30769128631238e-05
	CI_width: 2.5687073716488317e-06
Sample Size: 10
	mean: 3.1247916879399506e-05
	var: 3.00161609299822e-13
	CI_low: 3.0065499232272517e-05
	CI_high: 3.223485068454932e-05
	CI_width: 2.1693514522768057e-06
Sample Size: 30
	mean: 3.080261052608931e-05
	var: 1.2706170621616952e-13
	CI_low: 3.00531442442211e-05
	CI_high: 3.1482870510524146e-05
	CI_width: 1.4297262663030475e-06
Sample Size: 100
	mean: 3.0571092424714863e-05
	var: 4.7967137712980855e-14
	CI_low: 3.0102271171967365e-05
	CI_high: 3.095899490401277e-05
	CI_width: 8.567237320454034e-07
